{
  "000000.png": {
    "K": [
      581.7877319054714,
      0.0,
      490.25,
      0.0,
      0.0,
      581.7877319054714,
      272.75,
      0.0,
      0.0,
      0.0,
      1.0,
      0.0,
      0.0,
      0.0,
      0.0,
      1.0
    ],
    "W2C": [
      -0.8860751132147021,
      -0.07270941308220132,
      0.4578037079260002,
      -0.07252800748814306,
      0.0739210877037477,
      0.9528184029996116,
      0.2944023839882486,
      -0.11469563496074292,
      -0.4576096224231387,
      0.2947039737677643,
      -0.8388939154095952,
      0.5206911411778283,
      0.0,
      0.0,
      0.0,
      1.0
    ],
    "img_size": [
      980,
      546
    ]
  },
  "000001.png": {
    "K": [
      581.7877319054714,
      0.0,
      490.25,
      0.0,
      0.0,
      581.7877319054714,
      272.75,
      0.0,
      0.0,
      0.0,
      1.0,
      0.0,
      0.0,
      0.0,
      0.0,
      1.0
    ],
    "W2C": [
      -0.8804233253901387,
      -0.07364242183415472,
      0.4684352269154939,
      -0.07123402157570645,
      0.07676943742024432,
      0.9526985140897909,
      0.2940612091542902,
      -0.11563719476302022,
      -0.467932924239307,
      0.29485985646999224,
      -0.8331245065747054,
      0.5236150997872289,
      0.0,
      0.0,
      0.0,
      1.0
    ],
    "img_size": [
      980,
      546
    ]
  },
  "000002.png": {
    "K": [
      581.7877319054714,
      0.0,
      490.25,
      0.0,
      0.0,
      581.7877319054714,
      272.75,
      0.0,
      0.0,
      0.0,
      1.0,
      0.0,
      0.0,
      0.0,
      0.0,
      1.0
    ],
    "W2C": [
      -0.8747822751528268,
      -0.07461065931290119,
      0.4787371101088132,
      -0.06970156004310221,
      0.07949382264035222,
      0.952581705048174,
      0.29371555520526565,
      -0.11651588544196732,
      -0.47795052384160835,
      0.29499380455258273,
      -0.8273705046925013,
      0.5263599752185191,
      0.0,
      0.0,
      0.0,
      1.0
    ],
    "img_size": [
      980,
      546
    ]
  },
  "000003.png": {
    "K": [
      581.7877319054714,
      0.0,
      490.25,
      0.0,
      0.0,
      581.7877319054714,
      272.75,
      0.0,
      0.0,
      0.0,
      1.0,
      0.0,
      0.0,
      0.0,
      0.0,
      1.0
    ],
    "W2C": [
      -0.8691575393882586,
      -0.07560896267744703,
      0.4887212462001093,
      -0.06794519730950123,
      0.08210167386080765,
      0.9524680816928618,
      0.293366440660095,
      -0.11733473767185118,
      -0.48767252011344764,
      0.2951064860675886,
      -0.821637191835325,
      0.5289390698166938,
      0.0,
      0.0,
      0.0,
      1.0
    ],
    "img_size": [
      980,
      546
    ]
  },
  "000004.png": {
    "K": [
      581.7877319054714,
      0.0,
      490.25,
      0.0,
      0.0,
      581.7877319054714,
      272.75,
      0.0,
      0.0,
      0.0,
      1.0,
      0.0,
      0.0,
      0.0,
      0.0,
      1.0
    ],
    "W2C": [
      -0.8635652442460847,
      -0.07663034955164733,
      0.49838023481854904,
      -0.06598393353383153,
      0.08459527705024421,
      0.9523579365873638,
      0.29301535748122626,
      -0.11809525179113885,
      -0.4970902413355066,
      0.29519849279196986,
      -0.815940648467986,
      0.5313601923515155,
      0.0,
      0.0,
      0.0,
      1.0
    ],
    "img_size": [
      980,
      546
    ]
  },
  "000005.png": {
    "K": [
      581.7877319054714,
      0.0,
      490.25,
      0.0,
      0.0,
      581.7877319054714,
      272.75,
      0.0,
      0.0,
      0.0,
      1.0,
      0.0,
      0.0,
      0.0,
      0.0,
      1.0
    ],
    "W2C": [
      -0.8579987229615599,
      -0.07767211163695656,
      0.5077452456401625,
      -0.06382950934751604,
      0.0869867158866258,
      0.9522510927712587,
      0.2926622072888868,
      -0.11880198422434601,
      -0.5062326566467164,
      0.2952708915382621,
      -0.8102737796292114,
      0.5336402351349172,
      0.0,
      0.0,
      0.0,
      1.0
    ],
    "img_size": [
      980,
      546
    ]
  },
  "000006.png": {
    "K": [
      581.7877319054714,
      0.0,
      490.25,
      0.0,
      0.0,
      581.7877319054714,
      272.75,
      0.0,
      0.0,
      0.0,
      1.0,
      0.0,
      0.0,
      0.0,
      0.0,
      1.0
    ],
    "W2C": [
      -0.8524573943005453,
      -0.07873073028586847,
      0.5168344638382565,
      -0.061494968565085475,
      0.08928437162048362,
      0.9521474950040533,
      0.292307113738002,
      -0.11945827711233523,
      -0.5151161926077062,
      0.29532460084821854,
      -0.8046357488001513,
      0.5357918144763492,
      0.0,
      0.0,
      0.0,
      1.0
    ],
    "img_size": [
      980,
      546
    ]
  },
  "000007.png": {
    "K": [
      581.7877319054714,
      0.0,
      490.25,
      0.0,
      0.0,
      581.7877319054714,
      272.75,
      0.0,
      0.0,
      0.0,
      1.0,
      0.0,
      0.0,
      0.0,
      0.0,
      1.0
    ],
    "W2C": [
      -0.8469421654571726,
      -0.07980262420831581,
      0.5256619726974561,
      -0.05899361748823178,
      0.09149531908076579,
      0.9520471130775291,
      0.2919501688080537,
      -0.12006706557195879,
      -0.5237533531701954,
      0.2953605180964586,
      -0.7990272770017101,
      0.5378257955244317,
      0.0,
      0.0,
      0.0,
      1.0
    ],
    "img_size": [
      980,
      546
    ]
  },
  "000008.png": {
    "K": [
      581.7877319054714,
      0.0,
      490.25,
      0.0,
      0.0,
      581.7877319054714,
      272.75,
      0.0,
      0.0,
      0.0,
      1.0,
      0.0,
      0.0,
      0.0,
      0.0,
      1.0
    ],
    "W2C": [
      -0.8414623886691877,
      -0.0808827323830435,
      0.534227509641162,
      -0.05634273694169203,
      0.09362284310261515,
      0.951950060510515,
      0.2915919161146445,
      -0.12063028324662682,
      -0.5321426610454455,
      0.2953795285666895,
      -0.7934577004473474,
      0.539749189865763,
      0.0,
      0.0,
      0.0,
      1.0
    ],
    "img_size": [
      980,
      546
    ]
  },
  "000009.png": {
    "K": [
      581.7877319054714,
      0.0,
      490.25,
      0.0,
      0.0,
      581.7877319054714,
      272.75,
      0.0,
      0.0,
      0.0,
      1.0,
      0.0,
      0.0,
      0.0,
      0.0,
      1.0
    ],
    "W2C": [
      -0.8360097396418706,
      -0.08196965480412667,
      0.5425575461784895,
      -0.05355099711819048,
      0.09567665900887978,
      0.9518561311918263,
      0.2912316645446147,
      -0.12115159001537809,
      -0.5403088858651408,
      0.29538260138982586,
      -0.7879184137024272,
      0.5415744617887284,
      0.0,
      0.0,
      0.0,
      1.0
    ],
    "img_size": [
      980,
      546
    ]
  },
  "000010.png": {
    "K": [
      581.7877319054714,
      0.0,
      490.25,
      0.0,
      0.0,
      581.7877319054714,
      272.75,
      0.0,
      0.0,
      0.0,
      1.0,
      0.0,
      0.0,
      0.0,
      0.0,
      1.0
    ],
    "W2C": [
      -0.8305810419803915,
      -0.08306121436857443,
      0.5506686547919579,
      -0.050628611248455545,
      0.09766374185854168,
      0.9517652193133875,
      0.2908689753678227,
      -0.12163382480624745,
      -0.5482672033132703,
      0.29537061799196723,
      -0.7824060785794599,
      0.5433111083848972,
      0.0,
      0.0,
      0.0,
      1.0
    ],
    "img_size": [
      980,
      546
    ]
  },
  "000011.png": {
    "K": [
      581.7877319054714,
      0.0,
      490.25,
      0.0,
      0.0,
      581.7877319054714,
      272.75,
      0.0,
      0.0,
      0.0,
      1.0,
      0.0,
      0.0,
      0.0,
      0.0,
      1.0
    ],
    "W2C": [
      -0.8251748273488008,
      -0.08415507939259328,
      0.5585735644678356,
      -0.047586120087092294,
      0.0995898995015589,
      0.9516772520005742,
      0.2905034594319054,
      -0.12207949029369917,
      -0.5560290965652301,
      0.29534442713053116,
      -0.7769191162121009,
      0.5449672235029841,
      0.0,
      0.0,
      0.0,
      1.0
    ],
    "img_size": [
      980,
      546
    ]
  },
  "000012.png": {
    "K": [
      581.7877319054714,
      0.0,
      490.25,
      0.0,
      0.0,
      581.7877319054714,
      272.75,
      0.0,
      0.0,
      0.0,
      1.0,
      0.0,
      0.0,
      0.0,
      0.0,
      1.0
    ],
    "W2C": [
      -0.8197892900967403,
      -0.08524915398618638,
      0.5662844705510841,
      -0.04443340911533057,
      0.10146061182953113,
      0.9515921535755171,
      0.2901346540844208,
      -0.1224909798153315,
      -0.5636055926708493,
      0.29530485095600595,
      -0.7714556247199132,
      0.5465502976081691,
      0.0,
      0.0,
      0.0,
      1.0
    ],
    "img_size": [
      980,
      546
    ]
  },
  "000013.png": {
    "K": [
      581.7877319054714,
      0.0,
      490.25,
      0.0,
      0.0,
      581.7877319054714,
      272.75,
      0.0,
      0.0,
      0.0,
      1.0,
      0.0,
      0.0,
      0.0,
      0.0,
      1.0
    ],
    "W2C": [
      -0.8144223497756942,
      -0.0863415545744421,
      0.5738130114763046,
      -0.04117972935580632,
      0.10328103940878207,
      0.9515098473818926,
      0.2897620355290341,
      -0.1228705803940827,
      -0.5710072355797944,
      0.29525268210290023,
      -0.7660134402388545,
      0.5480672578884269,
      0.0,
      0.0,
      0.0,
      1.0
    ],
    "img_size": [
      980,
      546
    ]
  },
  "000014.png": {
    "K": [
      581.7877319054714,
      0.0,
      490.25,
      0.0,
      0.0,
      581.7877319054714,
      272.75,
      0.0,
      0.0,
      0.0,
      1.0,
      0.0,
      0.0,
      0.0,
      0.0,
      1.0
    ],
    "W2C": [
      -0.8090753529830486,
      -0.08742984557310261,
      0.5811652908583054,
      -0.037836039768582304,
      0.10505483788007225,
      0.951430310650281,
      0.28938528817806486,
      -0.12322024772479252,
      -0.5782391842770145,
      0.2951887295934133,
      -0.7605938861755859,
      0.5495235327958823,
      0.0,
      0.0,
      0.0,
      1.0
    ],
    "img_size": [
      980,
      546
    ]
  },
  "000015.png": {
    "K": [
      581.7877319054714,
      0.0,
      490.25,
      0.0,
      0.0,
      581.7877319054714,
      272.75,
      0.0,
      0.0,
      0.0,
      1.0,
      0.0,
      0.0,
      0.0,
      0.0,
      1.0
    ],
    "W2C": [
      -0.8037437384615477,
      -0.08851293162152439,
      0.588354879150006,
      -0.03440923694213413,
      0.10678730840490122,
      0.9513534341929508,
      0.28900365743864664,
      -0.12354224359174318,
      -0.5853139957727741,
      0.2951137139901183,
      -0.7551923080695847,
      0.5509256805099948,
      0.0,
      0.0,
      0.0,
      1.0
    ],
    "img_size": [
      980,
      546
    ]
  },
  "000016.png": {
    "K": [
      581.7877319054714,
      0.0,
      490.25,
      0.0,
      0.0,
      581.7877319054714,
      272.75,
      0.0,
      0.0,
      0.0,
      1.0,
      0.0,
      0.0,
      0.0,
      0.0,
      1.0
    ],
    "W2C": [
      -0.798422531472172,
      -0.08958992307717464,
      0.5953949167742314,
      -0.03090533653676694,
      0.10848349937277368,
      0.9512791112547465,
      0.28861632464955367,
      -0.12383870856311584,
      -0.5922438615987549,
      0.2950283006313209,
      -0.7498036477806632,
      0.552279798547806,
      0.0,
      0.0,
      0.0,
      1.0
    ],
    "img_size": [
      980,
      546
    ]
  },
  "000017.png": {
    "K": [
      581.7877319054714,
      0.0,
      490.25,
      0.0,
      0.0,
      581.7877319054714,
      272.75,
      0.0,
      0.0,
      0.0,
      1.0,
      0.0,
      0.0,
      0.0,
      0.0,
      1.0
    ],
    "W2C": [
      -0.7931090443588874,
      -0.0906595736587495,
      0.6022946832408086,
      -0.027331339405246083,
      0.11014739949170585,
      0.9512072741213122,
      0.2882226084885036,
      -0.12411153744234202,
      -0.5990372226676292,
      0.2949331506675988,
      -0.7444251758880385,
      0.5535909196695418,
      0.0,
      0.0,
      0.0,
      1.0
    ],
    "img_size": [
      980,
      546
    ]
  },
  "000018.png": {
    "K": [
      581.7877319054714,
      0.0,
      490.25,
      0.0,
      0.0,
      581.7877319054714,
      272.75,
      0.0,
      0.0,
      0.0,
      1.0,
      0.0,
      0.0,
      0.0,
      0.0,
      1.0
    ],
    "W2C": [
      -0.7878005139278246,
      -0.09172075120322865,
      0.6090629311112037,
      -0.02369379687806943,
      0.11178275488254878,
      0.951137858442834,
      0.28782180241887045,
      -0.12436254778465185,
      -0.6057020438845516,
      0.29482889620166935,
      -0.7390540954480814,
      0.5548637084405391,
      0.0,
      0.0,
      0.0,
      1.0
    ],
    "img_size": [
      980,
      546
    ]
  },
  "000019.png": {
    "K": [
      581.7877319054714,
      0.0,
      490.25,
      0.0,
      0.0,
      581.7877319054714,
      272.75,
      0.0,
      0.0,
      0.0,
      1.0,
      0.0,
      0.0,
      0.0,
      0.0,
      1.0
    ],
    "W2C": [
      -0.7824941212827379,
      -0.09277242393187082,
      0.6157079076280901,
      -0.01999884600099482,
      0.11339308545094699,
      0.9510708034693972,
      0.2874131781251329,
      -0.1245934860409657,
      -0.6122458316149403,
      0.2947161416446007,
      -0.7336875612440557,
      0.5561024934375106,
      0.0,
      0.0,
      0.0,
      1.0
    ],
    "img_size": [
      980,
      546
    ]
  },
  "000020.png": {
    "K": [
      581.7877319054714,
      0.0,
      490.25,
      0.0,
      0.0,
      581.7877319054714,
      272.75,
      0.0,
      0.0,
      0.0,
      1.0,
      0.0,
      0.0,
      0.0,
      0.0,
      1.0
    ],
    "W2C": [
      -0.7771870078512235,
      -0.09381364812104655,
      0.6222373777373733,
      -0.016252243633870556,
      0.11498170074420191,
      0.9510060521729898,
      0.28699598816763217,
      -0.12480603355906959,
      -0.6186756527626028,
      0.2945954652681628,
      -0.7283226953227543,
      0.5573112970437273,
      0.0,
      0.0,
      0.0,
      1.0
    ],
    "img_size": [
      980,
      546
    ]
  },
  "000021.png": {
    "K": [
      581.7877319054714,
      0.0,
      490.25,
      0.0,
      0.0,
      581.7877319054714,
      272.75,
      0.0,
      0.0,
      0.0,
      1.0,
      0.0,
      0.0,
      0.0,
      0.0,
      1.0
    ],
    "W2C": [
      -0.7718762881660097,
      -0.09484355708006577,
      0.6286586477950202,
      -0.012459399041483049,
      0.11655171513290581,
      0.9509435512790702,
      0.28656946798346966,
      -0.12500181237995048,
      -0.6249981547705888,
      0.2944674208824318,
      -0.7229565993697049,
      0.5584938628708076,
      0.0,
      0.0,
      0.0,
      1.0
    ],
    "img_size": [
      980,
      546
    ]
  },
  "000022.png": {
    "K": [
      581.7877319054714,
      0.0,
      490.25,
      0.0,
      0.0,
      581.7877319054714,
      272.75,
      0.0,
      0.0,
      0.0,
      1.0,
      0.0,
      0.0,
      0.0,
      0.0,
      1.0
    ],
    "W2C": [
      -0.766559059895132,
      -0.09586135133184702,
      0.6349785894134725,
      -0.008625404741498458,
      0.1181060622139644,
      0.9508832512265384,
      0.28613283734160794,
      -0.1251823907865604,
      -0.631219586008706,
      0.29433253958351263,
      -0.7175863644059283,
      0.5596536808890169,
      0.0,
      0.0,
      0.0,
      1.0
    ],
    "img_size": [
      980,
      546
    ]
  },
  "000023.png": {
    "K": [
      581.7877319054714,
      0.0,
      490.25,
      0.0,
      0.0,
      581.7877319054714,
      272.75,
      0.0,
      0.0,
      0.0,
      1.0,
      0.0,
      0.0,
      0.0,
      0.0,
      1.0
    ],
    "W2C": [
      -0.7612324115496573,
      -0.09686628989089985,
      0.6412036630346591,
      -0.004755065477853447,
      0.11964750837521719,
      0.9508251060714851,
      0.28568530134354325,
      -0.12534928857753186,
      -0.6373458161358676,
      0.2941913315291954,
      -0.7122090782257579,
      0.5607940103769746,
      0.0,
      0.0,
      0.0,
      1.0
    ],
    "img_size": [
      980,
      546
    ]
  },
  "000024.png": {
    "K": [
      581.7877319054714,
      0.0,
      490.25,
      0.0,
      0.0,
      581.7877319054714,
      272.75,
      0.0,
      0.0,
      0.0,
      1.0,
      0.0,
      0.0,
      0.0,
      0.0,
      1.0
    ],
    "W2C": [
      -0.755893428238517,
      -0.09785768253517577,
      0.6473399409233652,
      -0.0008529252659676272,
      0.1211786654948058,
      0.9507690733471711,
      0.2852260510462868,
      -0.12550398205022828,
      -0.6433823561263698,
      0.2940442877108919,
      -0.7068218309375247,
      0.5619179008191938,
      0.0,
      0.0,
      0.0,
      1.0
    ],
    "img_size": [
      980,
      546
    ]
  },
  "000025.png": {
    "K": [
      581.7877319054714,
      0.0,
      490.25,
      0.0,
      0.0,
      581.7877319054714,
      272.75,
      0.0,
      0.0,
      0.0,
      1.0,
      0.0,
      0.0,
      0.0,
      0.0,
      1.0
    ],
    "W2C": [
      -0.7505391957871583,
      -0.09883488297275586,
      0.6533931293600561,
      0.0030767074861797615,
      0.12270200277287814,
      0.9507151138902586,
      0.28475426377169033,
      -0.12564790868660256,
      -0.6493343777305266,
      0.29389188169868596,
      -0.7014217189173112,
      0.5630282108888927,
      0.0,
      0.0,
      0.0,
      1.0
    ],
    "img_size": [
      980,
      546
    ]
  },
  "000026.png": {
    "K": [
      581.7877319054714,
      0.0,
      490.25,
      0.0,
      0.0,
      581.7877319054714,
      272.75,
      0.0,
      0.0,
      0.0,
      1.0,
      0.0,
      0.0,
      0.0,
      0.0,
      1.0
    ],
    "W2C": [
      -0.7451668034899616,
      -0.09979728281021435,
      0.6593685898799329,
      0.00702973673547892,
      0.1242198577109238,
      0.9506631916412801,
      0.2842691031552538,
      -0.12578247154219832,
      -0.6552067322050581,
      0.29373457134309633,
      -0.6960058474402759,
      0.5641276256563683,
      0.0,
      0.0,
      0.0,
      1.0
    ],
    "img_size": [
      980,
      546
    ]
  },
  "000027.png": {
    "K": [
      581.7877319054714,
      0.0,
      490.25,
      0.0,
      0.0,
      581.7877319054714,
      272.75,
      0.0,
      0.0,
      0.0,
      1.0,
      0.0,
      0.0,
      0.0,
      0.0,
      1.0
    ],
    "W2C": [
      -0.7397733457254173,
      -0.10074430623620757,
      0.6652713594580842,
      0.011002257365062083,
      0.12573444626648364,
      0.9506132734256734,
      0.2837697189782353,
      -0.12590904334369682,
      -0.6610039682001031,
      0.29357280042250355,
      -0.6905713322139905,
      0.565218672161666,
      0.0,
      0.0,
      0.0,
      1.0
    ],
    "img_size": [
      980,
      546
    ]
  },
  "000028.png": {
    "K": [
      581.7877319054714,
      0.0,
      490.25,
      0.0,
      0.0,
      581.7877319054714,
      272.75,
      0.0,
      0.0,
      0.0,
      1.0,
      0.0,
      0.0,
      0.0,
      0.0,
      1.0
    ],
    "W2C": [
      -0.7343559226274075,
      -0.10167540534090634,
      0.6711061695818414,
      0.014990535455885162,
      0.1272478722193356,
      0.950565328720316,
      0.2832552468189949,
      -0.12602897030406643,
      -0.666730348730055,
      0.293407000229375,
      -0.6851153000033641,
      0.566303733485726,
      0.0,
      0.0,
      0.0,
      1.0
    ],
    "img_size": [
      980,
      546
    ]
  },
  "000029.png": {
    "K": [
      581.7877319054714,
      0.0,
      490.25,
      0.0,
      0.0,
      581.7877319054714,
      272.75,
      0.0,
      0.0,
      0.0,
      1.0,
      0.0,
      0.0,
      0.0,
      0.0,
      1.0
    ],
    "W2C": [
      -0.7289116399751354,
      -0.10259005599900337,
      0.6768774641830523,
      0.01899099016308998,
      0.12876213579050433,
      0.9505193294093923,
      0.2827248075528319,
      -0.12614357566690335,
      -0.6723898671867575,
      0.29323759109165976,
      -0.6796348885065673,
      0.5673850614476516,
      0.0,
      0.0,
      0.0,
      1.0
    ],
    "img_size": [
      980,
      546
    ]
  },
  "000030.png": {
    "K": [
      581.7877319054714,
      0.0,
      490.25,
      0.0,
      0.0,
      581.7877319054714,
      272.75,
      0.0,
      0.0,
      0.0,
      1.0,
      0.0,
      0.0,
      0.0,
      0.0,
      1.0
    ],
    "W2C": [
      -0.723437608437743,
      -0.10348775425095187,
      0.6825894164268688,
      0.02300017708562706,
      0.1302791415583227,
      0.9504752495324995,
      0.2821775067239745,
      -0.12625416299322145,
      -0.6779862623775684,
      0.2930649838282063,
      -0.674127245615446,
      0.5684647880480119,
      0.0,
      0.0,
      0.0,
      1.0
    ],
    "img_size": [
      980,
      546
    ]
  },
  "000031.png": {
    "K": [
      581.7877319054714,
      0.0,
      490.25,
      0.0,
      0.0,
      581.7877319054714,
      272.75,
      0.0,
      0.0,
      0.0,
      1.0,
      0.0,
      0.0,
      0.0,
      0.0,
      1.0
    ],
    "W2C": [
      -0.7179309422869603,
      -0.1043680131236861,
      0.6882459443713211,
      0.02701477301568665,
      0.13180070571689045,
      0.9504330650271429,
      0.2816124338086662,
      -0.12636201920493653,
      -0.6835230325888713,
      0.29288958113890773,
      -0.668589528171649,
      0.5695449357697021,
      0.0,
      0.0,
      0.0,
      1.0
    ],
    "img_size": [
      980,
      546
    ]
  },
  "000032.png": {
    "K": [
      581.7877319054714,
      0.0,
      490.25,
      0.0,
      0.0,
      581.7877319054714,
      272.75,
      0.0,
      0.0,
      0.0,
      1.0,
      0.0,
      0.0,
      0.0,
      0.0,
      1.0
    ],
    "W2C": [
      -0.7123887576717614,
      -0.10523035983824591,
      0.6938507255247325,
      0.031031561955536722,
      0.1333285627221206,
      0.950392753467199,
      0.2810286613843674,
      -0.12646841739977902,
      -0.6890034486890018,
      0.2927117789316809,
      -0.6630189003107775,
      0.5706274268392904,
      0.0,
      0.0,
      0.0,
      1.0
    ],
    "img_size": [
      980,
      546
    ]
  },
  "000033.png": {
    "K": [
      581.7877319054714,
      0.0,
      490.25,
      0.0,
      0.0,
      581.7877319054714,
      272.75,
      0.0,
      0.0,
      0.0,
      1.0,
      0.0,
      0.0,
      0.0,
      0.0,
      1.0
    ],
    "W2C": [
      -0.7068081705325198,
      -0.10607433335742802,
      0.6994072103369038,
      0.03504742229253321,
      0.1348643713694704,
      0.9503542937984086,
      0.28042524421678866,
      -0.1265746194524639,
      -0.694430566294133,
      0.2925319675893649,
      -0.6574125314706926,
      0.5717140915432318,
      0.0,
      0.0,
      0.0,
      1.0
    ],
    "img_size": [
      980,
      546
    ]
  },
  "000034.png": {
    "K": [
      581.7877319054714,
      0.0,
      490.25,
      0.0,
      0.0,
      581.7877319054714,
      272.75,
      0.0,
      0.0,
      0.0,
      1.0,
      0.0,
      0.0,
      0.0,
      0.0,
      1.0
    ],
    "W2C": [
      -0.7011862942181557,
      -0.10689948223180444,
      0.7049186346658609,
      0.039059315027632886,
      0.13640972034574134,
      0.9503176660715821,
      0.2798012182737184,
      -0.1266818784167642,
      -0.699807237027316,
      0.2923505331803458,
      -0.6517675941264345,
      0.5728066756850212,
      0.0,
      0.0,
      0.0,
      1.0
    ],
    "img_size": [
      980,
      546
    ]
  },
  "000035.png": {
    "K": [
      581.7877319054714,
      0.0,
      490.25,
      0.0,
      0.0,
      581.7877319054714,
      272.75,
      0.0,
      0.0,
      0.0,
      1.0,
      0.0,
      0.0,
      0.0,
      0.0,
      1.0
    ],
    "W2C": [
      -0.6955202368579355,
      -0.10770536270717357,
      0.7103880312654464,
      0.04306427295820002,
      0.13796613329519317,
      0.9502828511738839,
      0.27915559967230874,
      -0.1267914407427495,
      -0.7051361189051751,
      0.29216785861718175,
      -0.6460812613026296,
      0.57390684726146,
      0.0,
      0.0,
      0.0,
      1.0
    ],
    "img_size": [
      980,
      546
    ]
  },
  "000036.png": {
    "K": [
      581.7877319054714,
      0.0,
      490.25,
      0.0,
      0.0,
      581.7877319054714,
      272.75,
      0.0,
      0.0,
      0.0,
      1.0,
      0.0,
      0.0,
      0.0,
      0.0,
      1.0
    ],
    "W2C": [
      -0.6898070985295317,
      -0.10849153706077785,
      0.7158182403407022,
      0.047059390721850725,
      0.13953507343781485,
      0.9502498305583004,
      0.27848738356454367,
      -0.1269045483229212,
      -0.7104196858892443,
      0.2919843247678059,
      -0.6403507039044433,
      0.5750162024287351,
      0.0,
      0.0,
      0.0,
      1.0
    ],
    "img_size": [
      980,
      546
    ]
  },
  "000037.png": {
    "K": [
      581.7877319054714,
      0.0,
      490.25,
      0.0,
      0.0,
      581.7877319054714,
      272.75,
      0.0,
      0.0,
      0.0,
      1.0,
      0.0,
      0.0,
      0.0,
      0.0,
      1.0
    ],
    "W2C": [
      -0.6840453645212607,
      -0.10925738984102212,
      0.7212106225244483,
      0.05104085685462379,
      0.14111756421358856,
      0.9502185932943727,
      0.27779571276045084,
      -0.12702241126975247,
      -0.7156589776893734,
      0.2918003559332821,
      -0.6345744872982293,
      0.5761359992632668,
      0.0,
      0.0,
      0.0,
      1.0
    ],
    "img_size": [
      980,
      546
    ]
  },
  "000038.png": {
    "K": [
      581.7877319054714,
      0.0,
      490.25,
      0.0,
      0.0,
      581.7877319054714,
      272.75,
      0.0,
      0.0,
      0.0,
      1.0,
      0.0,
      0.0,
      0.0,
      0.0,
      1.0
    ],
    "W2C": [
      -0.6782316698414838,
      -0.1100025664787206,
      0.7265681230222856,
      0.055006199612938,
      0.14271508040314648,
      0.9501891175358632,
      0.27707949534734627,
      -0.12714627351616722,
      -0.7208565792510708,
      0.2916163169037551,
      -0.6287493267319917,
      0.5772677896621697,
      0.0,
      0.0,
      0.0,
      1.0
    ],
    "img_size": [
      980,
      546
    ]
  },
  "000039.png": {
    "K": [
      581.7877319054714,
      0.0,
      490.25,
      0.0,
      0.0,
      581.7877319054714,
      272.75,
      0.0,
      0.0,
      0.0,
      1.0,
      0.0,
      0.0,
      0.0,
      0.0,
      1.0
    ],
    "W2C": [
      -0.6723619972424959,
      -0.11072678324224632,
      0.7318940661987267,
      0.05895339509593659,
      0.14432922231474166,
      0.9501613789464215,
      0.276337528295843,
      -0.12727739468103427,
      -0.7260154407793978,
      0.291432553829284,
      -0.622871291936334,
      0.5784131918111326,
      0.0,
      0.0,
      0.0,
      1.0
    ],
    "img_size": [
      980,
      546
    ]
  },
  "000040.png": {
    "K": [
      581.7877319054714,
      0.0,
      490.25,
      0.0,
      0.0,
      581.7877319054714,
      272.75,
      0.0,
      0.0,
      0.0,
      1.0,
      0.0,
      0.0,
      0.0,
      0.0,
      1.0
    ],
    "W2C": [
      -0.6664333534624972,
      -0.11142961551583395,
      0.7371906308267376,
      0.06287972002196911,
      0.14596125774040905,
      0.9501353585411152,
      0.27556870593154054,
      -0.12741701586648801,
      -0.7311373992838609,
      0.2912494484731935,
      -0.6169374864056262,
      0.5795735673271508,
      0.0,
      0.0,
      0.0,
      1.0
    ],
    "img_size": [
      980,
      546
    ]
  },
  "000041.png": {
    "K": [
      581.7877319054714,
      0.0,
      490.25,
      0.0,
      0.0,
      581.7877319054714,
      272.75,
      0.0,
      0.0,
      0.0,
      1.0,
      0.0,
      0.0,
      0.0,
      0.0,
      1.0
    ],
    "W2C": [
      -0.66044272137633,
      -0.11211063820275141,
      0.7424598417307156,
      0.06678247091062048,
      0.14761241161895944,
      0.950111036550752,
      0.27477189477908864,
      -0.12756638205977758,
      -0.7362241423079404,
      0.29106738571373375,
      -0.6109449969160154,
      0.5807502273730398,
      0.0,
      0.0,
      0.0,
      1.0
    ],
    "img_size": [
      980,
      546
    ]
  },
  "000042.png": {
    "K": [
      581.7877319054714,
      0.0,
      490.25,
      0.0,
      0.0,
      581.7877319054714,
      272.75,
      0.0,
      0.0,
      0.0,
      1.0,
      0.0,
      0.0,
      0.0,
      0.0,
      1.0
    ],
    "W2C": [
      -0.6543870563452129,
      -0.11276942496107148,
      0.7477035758118296,
      0.07065895763986195,
      0.1492838686358854,
      0.9500883921294694,
      0.2739459320850437,
      -0.12772674344317858,
      -0.741277213364171,
      0.29088675448495227,
      -0.6048908901713267,
      0.5819444355105327,
      0.0,
      0.0,
      0.0,
      1.0
    ],
    "img_size": [
      980,
      546
    ]
  },
  "000043.png": {
    "K": [
      581.7877319054714,
      0.0,
      490.25,
      0.0,
      0.0,
      581.7877319054714,
      272.75,
      0.0,
      0.0,
      0.0,
      1.0,
      0.0,
      0.0,
      0.0,
      0.0,
      1.0
    ],
    "W2C": [
      -0.6482632824848915,
      -0.11340554752647773,
      0.7529235674171271,
      0.07450649738618734,
      0.1509767755637449,
      0.9500674030570548,
      0.27308962427891315,
      -0.12789935660530174,
      -0.7462980167615938,
      0.2907079487022038,
      -0.5987722093910742,
      0.5831574101632384,
      0.0,
      0.0,
      0.0,
      1.0
    ],
    "img_size": [
      980,
      546
    ]
  },
  "000044.png": {
    "K": [
      581.7877319054714,
      0.0,
      490.25,
      0.0,
      0.0,
      581.7877319054714,
      272.75,
      0.0,
      0.0,
      0.0,
      1.0,
      0.0,
      0.0,
      0.0,
      0.0,
      1.0
    ],
    "W2C": [
      -0.6420682888541427,
      -0.11401857511007016,
      0.7581214130848577,
      0.07832240889565929,
      0.15269224336202752,
      0.9500480454351206,
      0.2722017453690872,
      -0.12808548566231612,
      -0.7512878218532386,
      0.2905313681769584,
      -0.5925859708432527,
      0.584390326718206,
      0.0,
      0.0,
      0.0,
      1.0
    ],
    "img_size": [
      980,
      546
    ]
  },
  "000045.png": {
    "K": [
      581.7877319054714,
      0.0,
      490.25,
      0.0,
      0.0,
      581.7877319054714,
      272.75,
      0.0,
      0.0,
      0.0,
      1.0,
      0.0,
      0.0,
      0.0,
      0.0,
      1.0
    ],
    "W2C": [
      -0.6357989255632993,
      -0.1146080738606542,
      0.7632985756953207,
      0.08210400703800635,
      0.154431349053474,
      0.9500302933761939,
      0.2712810352698223,
      -0.1282864032969433,
      -0.7562477667286551,
      0.29035741952547606,
      -0.586329160322449,
      0.5856443192912036,
      0.0,
      0.0,
      0.0,
      1.0
    ],
    "img_size": [
      980,
      546
    ]
  },
  "000046.png": {
    "K": [
      581.7877319054714,
      0.0,
      490.25,
      0.0,
      0.0,
      581.7877319054714,
      272.75,
      0.0,
      0.0,
      0.0,
      1.0,
      0.0,
      0.0,
      0.0,
      0.0,
      1.0
    ],
    "W2C": [
      -0.6294519998005202,
      -0.11517360638233488,
      0.7684563880533578,
      0.08584859759967384,
      0.15619513739188687,
      0.9500141186847126,
      0.2703261980549379,
      -0.12850339172245312,
      -0.7611788613737607,
      0.29018651707581955,
      -0.5799987295720134,
      0.5869204821775215,
      0.0,
      0.0,
      0.0,
      1.0
    ],
    "img_size": [
      980,
      546
    ]
  },
  "000047.png": {
    "K": [
      581.7877319054714,
      0.0,
      490.25,
      0.0,
      0.0,
      581.7877319054714,
      272.75,
      0.0,
      0.0,
      0.0,
      1.0,
      0.0,
      0.0,
      0.0,
      0.0,
      1.0
    ],
    "W2C": [
      -0.6230245685253363,
      -0.11571470704373053,
      0.7735958205598074,
      0.08955330327912171,
      0.15798453964362466,
      0.9499994911649134,
      0.2693359463940847,
      -0.12873773241007722,
      -0.7660817660324585,
      0.2900190913719111,
      -0.5735918883600089,
      0.5882198108535963,
      0.0,
      0.0,
      0.0,
      1.0
    ],
    "img_size": [
      980,
      546
    ]
  },
  "000048.png": {
    "K": [
      581.7877319054714,
      0.0,
      490.25,
      0.0,
      0.0,
      581.7877319054714,
      272.75,
      0.0,
      0.0,
      0.0,
      1.0,
      0.0,
      0.0,
      0.0,
      0.0,
      1.0
    ],
    "W2C": [
      -0.6165145105150062,
      -0.11623084456901614,
      0.7787170532967768,
      0.09321475981650969,
      0.15980021329082655,
      0.9499863789899243,
      0.26830909706124023,
      -0.12899068017975496,
      -0.770956386676087,
      0.2898556028514627,
      -0.5671066736857948,
      0.5895430837423188,
      0.0,
      0.0,
      0.0,
      1.0
    ],
    "img_size": [
      980,
      546
    ]
  },
  "000049.png": {
    "K": [
      581.7877319054714,
      0.0,
      490.25,
      0.0,
      0.0,
      581.7877319054714,
      272.75,
      0.0,
      0.0,
      0.0,
      1.0,
      0.0,
      0.0,
      0.0,
      0.0,
      1.0
    ],
    "W2C": [
      -0.6099166594236111,
      -0.11672172087867208,
      0.7838224980393609,
      0.09683126464677737,
      0.16164362121467424,
      0.9499747409733929,
      0.26724395453057775,
      -0.12926361720283897,
      -0.7758047488112907,
      0.2896964469710597,
      -0.560538098914065,
      0.5908916495392448,
      0.0,
      0.0,
      0.0,
      1.0
    ],
    "img_size": [
      980,
      546
    ]
  },
  "000050.png": {
    "K": [
      581.7877319054714,
      0.0,
      490.25,
      0.0,
      0.0,
      581.7877319054714,
      272.75,
      0.0,
      0.0,
      0.0,
      1.0,
      0.0,
      0.0,
      0.0,
      0.0,
      1.0
    ],
    "W2C": [
      -0.6032275834280317,
      -0.11718687686840236,
      0.7889129980431345,
      0.10040003806008657,
      0.16351569984909103,
      0.949964536570684,
      0.2661390523033167,
      -0.1295578756172372,
      -0.7806273749327773,
      0.28954207837182394,
      -0.5538829175535974,
      0.592266458581763,
      0.0,
      0.0,
      0.0,
      1.0
    ],
    "img_size": [
      980,
      546
    ]
  },
  "000051.png": {
    "K": [
      581.7877319054714,
      0.0,
      490.25,
      0.0,
      0.0,
      581.7877319054714,
      272.75,
      0.0,
      0.0,
      0.0,
      1.0,
      0.0,
      0.0,
      0.0,
      0.0,
      1.0
    ],
    "W2C": [
      -0.596443786621924,
      -0.11762584758924212,
      0.7939892753551606,
      0.10391826511501706,
      0.16541735897500465,
      0.9499557211720552,
      0.2649928775688407,
      -0.12987480154013947,
      -0.7854246665020364,
      0.28939296430872774,
      -0.5471378304036123,
      0.5936684246245252,
      0.0,
      0.0,
      0.0,
      1.0
    ],
    "img_size": [
      980,
      546
    ]
  },
  "000052.png": {
    "K": [
      581.7877319054714,
      0.0,
      490.25,
      0.0,
      0.0,
      581.7877319054714,
      272.75,
      0.0,
      0.0,
      0.0,
      1.0,
      0.0,
      0.0,
      0.0,
      0.0,
      1.0
    ],
    "W2C": [
      -0.5895617044322348,
      -0.11803816199154452,
      0.7990519313415216,
      0.10738309113556731,
      0.16734948232169053,
      0.9499482457048236,
      0.26380386890451407,
      -0.13021575569938745,
      -0.790196904216677,
      0.2892495856453139,
      -0.5402994815566584,
      0.5950984246628584,
      0.0,
      0.0,
      0.0,
      1.0
    ],
    "img_size": [
      980,
      546
    ]
  },
  "000053.png": {
    "K": [
      581.7877319054714,
      0.0,
      490.25,
      0.0,
      0.0,
      581.7877319054714,
      272.75,
      0.0,
      0.0,
      0.0,
      1.0,
      0.0,
      0.0,
      0.0,
      0.0,
      1.0
    ],
    "W2C": [
      -0.5825776989173013,
      -0.11842334268672633,
      0.8041014467286602,
      0.11079161721542331,
      0.1693129280131534,
      0.9499420562180324,
      0.26257041386239516,
      -0.13058211402023537,
      -0.7949442478135401,
      0.2891124378769597,
      -0.5333644543208762,
      0.5965572985131379,
      0.0,
      0.0,
      0.0,
      1.0
    ],
    "img_size": [
      980,
      546
    ]
  },
  "000054.png": {
    "K": [
      581.7877319054714,
      0.0,
      490.25,
      0.0,
      0.0,
      581.7877319054714,
      272.75,
      0.0,
      0.0,
      0.0,
      1.0,
      0.0,
      0.0,
      0.0,
      0.0,
      1.0
    ],
    "W2C": [
      -0.5754880539377344,
      -0.11878090572430215,
      0.809138181159605,
      0.11414089570356507,
      0.17130852886172943,
      0.9499370934479187,
      0.26129084643544276,
      -0.13097526817011101,
      -0.7996667354055621,
      0.28898203218718377,
      -0.5263292670551165,
      0.5980458481517564,
      0.0,
      0.0,
      0.0,
      1.0
    ],
    "img_size": [
      980,
      546
    ]
  },
  "000055.png": {
    "K": [
      581.7877319054714,
      0.0,
      490.25,
      0.0,
      0.0,
      581.7877319054714,
      272.75,
      0.0,
      0.0,
      0.0,
      1.0,
      0.0,
      0.0,
      0.0,
      0.0,
      1.0
    ],
    "W2C": [
      -0.568288970191184,
      -0.11911036038227817,
      0.8141623722628353,
      0.11742792564654222,
      0.17333709250959708,
      0.9499332923623498,
      0.2599634443954489,
      -0.13139662606339036,
      -0.8043642823493363,
      0.28885889654159885,
      -0.5191903689104862,
      0.5995648368121902,
      0.0,
      0.0,
      0.0,
      1.0
    ],
    "img_size": [
      980,
      546
    ]
  },
  "000056.png": {
    "K": [
      581.7877319054714,
      0.0,
      490.25,
      0.0,
      0.0,
      581.7877319054714,
      272.75,
      0.0,
      0.0,
      0.0,
      1.0,
      0.0,
      0.0,
      0.0,
      0.0,
      1.0
    ],
    "W2C": [
      -0.5609767733869089,
      -0.11941120068225664,
      0.819173989377125,
      0.12064955590825856,
      0.1753993412425287,
      0.9499305817456611,
      0.2585864670782993,
      -0.1318475988343496,
      -0.8090365447939292,
      0.28874358004286643,
      -0.511944346752583,
      0.6011149425215897,
      0.0,
      0.0,
      0.0,
      1.0
    ],
    "img_size": [
      980,
      546
    ]
  },
  "000057.png": {
    "K": [
      581.7877319054714,
      0.0,
      490.25,
      0.0,
      0.0,
      581.7877319054714,
      272.75,
      0.0,
      0.0,
      0.0,
      1.0,
      0.0,
      0.0,
      0.0,
      0.0,
      1.0
    ],
    "W2C": [
      -0.5535470701482249,
      -0.11968293882913879,
      0.8241733041560716,
      0.1238028469859014,
      0.1774961484497639,
      0.9499288834150498,
      0.2571579937301895,
      -0.13232965359645255,
      -0.8136834509905035,
      0.28863664113736043,
      -0.5045870895862548,
      0.6026969347209786,
      0.0,
      0.0,
      0.0,
      1.0
    ],
    "img_size": [
      980,
      546
    ]
  },
  "000058.png": {
    "K": [
      581.7877319054714,
      0.0,
      490.25,
      0.0,
      0.0,
      581.7877319054714,
      272.75,
      0.0,
      0.0,
      0.0,
      1.0,
      0.0,
      0.0,
      0.0,
      0.0,
      1.0
    ],
    "W2C": [
      -0.5459954634584091,
      -0.11992506938725078,
      0.8291603774996128,
      0.12688472695808378,
      0.1796283351695033,
      0.9499281121259985,
      0.25567605088660295,
      -0.13284427370060914,
      -0.8183047201911212,
      0.2885386620978188,
      -0.49711449927328705,
      0.6043115209679546,
      0.0,
      0.0,
