{
  "000001.png": {
    "K": [
      581.7877197265625,
      0.0,
      490.25,
      0.0,
      0.0,
      581.7877197265625,
      272.75,
      0.0,
      0.0,
      0.0,
      1.0,
      0.0,
      0.0,
      0.0,
      0.0,
      1.0
    ],
    "W2C": [
      0.9969186186790467,
      0.008794058114290237,
      0.07794859260320665,
      -0.18249689187343418,
      -0.008291084319353107,
      0.9999426603317262,
      -0.006773935630917549,
      -0.07996378607675328,
      -0.0780036970973015,
      0.006106783635914325,
      0.9969343543052673,
      0.6865483967708611,
      0.0,
      0.0,
      0.0,
      1.0
    ],
    "img_size": [
      980,
      546
    ]
  },
  "000002.png": {
    "K": [
      581.7877197265625,
      0.0,
      490.25,
      0.0,
      0.0,
      581.7877197265625,
      272.75,
      0.0,
      0.0,
      0.0,
      1.0,
      0.0,
      0.0,
      0.0,
      0.0,
      1.0
    ],
    "W2C": [
      0.9972740411758423,
      0.005429317709058524,
      0.07358690351247787,
      -0.17261941176006923,
      -0.004607877228409052,
      0.9999251961708069,
      -0.011328035965561868,
      -0.08715414016538683,
      -0.07364290207624438,
      0.010958076454699041,
      0.9972244501113894,
      0.7074908287443068,
      0.0,
      0.0,
      0.0,
      1.0
    ],
    "img_size": [
      980,
      546
    ]
  },
  "000003.png": {
    "K": [
      581.7877197265625,
      0.0,
      490.25,
      0.0,
      0.0,
      581.7877197265625,
      272.75,
      0.0,
      0.0,
      0.0,
      1.0,
      0.0,
      0.0,
      0.0,
      0.0,
      1.0
    ],
    "W2C": [
      0.9889675378799438,
      0.00287395203486085,
      0.14810457825660708,
      -0.11966271779976306,
      -0.0010059206979349258,
      0.9999189972877504,
      -0.012686281464993954,
      -0.09067031411442085,
      -0.14812904596328735,
      0.012397339567542076,
      0.9888903498649596,
      0.7493446175318559,
      0.0,
      0.0,
      0.0,
      1.0
    ],
    "img_size": [
      980,
      546
    ]
  },
  "000004.png": {
    "K": [
      581.7877197265625,
      0.0,
      490.25,
      0.0,
      0.0,
      581.7877197265625,
      272.75,
      0.0,
      0.0,
      0.0,
      1.0,
      0.0,
      0.0,
      0.0,
      0.0,
      1.0
    ],
    "W2C": [
      0.9747106432914733,
      -0.0064110648818314075,
      0.2233787029981613,
      -0.0651315749567617,
      0.009275540709495544,
      0.9998876452445985,
      -0.011776519939303398,
      -0.09476899652741243,
      -0.22327809035778048,
      0.013550657778978346,
      0.9746605753898621,
      0.7636901395064197,
      0.0,
      0.0,
      0.0,
      1.0
    ],
    "img_size": [
      980,
      546
    ]
  },
  "000005.png": {
    "K": [
      581.7877197265625,
      0.0,
      490.25,
      0.0,
      0.0,
      581.7877197265625,
      272.75,
      0.0,
      0.0,
      0.0,
      1.0,
      0.0,
      0.0,
      0.0,
      0.0,
      1.0
    ],
    "W2C": [
      0.9847546219825745,
      -0.006905845832079648,
      0.17381210625171664,
      -0.09575083199080274,
      0.009200191125273705,
      0.9998807907104492,
      -0.012397916987538338,
      -0.09338270620461521,
      -0.17370577156543734,
      0.013808010146021843,
      0.9847007989883423,
      0.7527072907733457,
      0.0,
      0.0,
      0.0,
      1.0
    ],
    "img_size": [
      980,
      546
    ]
  },
  "000006.png": {
    "K": [
      581.7877197265625,
      0.0,
      490.25,
      0.0,
      0.0,
      581.7877197265625,
      272.75,
      0.0,
      0.0,
      0.0,
      1.0,
      0.0,
      0.0,
      0.0,
      0.0,
      1.0
    ],
    "W2C": [
      0.9972432255744934,
      -0.004700656980276109,
      0.07405343651771547,
      -0.1477498694034805,
      0.005527935922145843,
      0.9999245405197144,
      -0.010970381088554863,
      -0.08933015126274618,
      -0.07399627566337584,
      0.011349500156939028,
      0.9971939325332643,
      0.7283414920494604,
      0.0,
      0.0,
      0.0,
      1.0
    ],
    "img_size": [
      980,
      546
    ]
  },
  "000007.png": {
    "K": [
      581.7877197265625,
      0.0,
      490.25,
      0.0,
      0.0,
      581.7877197265625,
      272.75,
      0.0,
      0.0,
      0.0,
      1.0,
      0.0,
      0.0,
      0.0,
      0.0,
      1.0
    ],
    "W2C": [
      0.9998922944068908,
      0.0010786950588226316,
      0.014637321233749386,
      -0.16852679494737788,
      -0.0009712146711535752,
      0.9999725222587585,
      -0.007348022423684596,
      -0.08042445088385222,
      -0.014644845388829706,
      0.007333015091717242,
      0.9998658895492553,
      0.6902526789342499,
      0.0,
      0.0,
      0.0,
      1.0
    ],
    "img_size": [
      980,
      546
    ]
  },
  "000008.png": {
    "K": [
      581.7877197265625,
      0.0,
      490.25,
      0.0,
      0.0,
      581.7877197265625,
      272.75,
      0.0,
      0.0,
      0.0,
      1.0,
      0.0,
      0.0,
      0.0,
      0.0,
      1.0
    ],
    "W2C": [
      0.9999995827674866,
      -0.0006412945804186165,
      -0.000661527970805764,
      -0.1453778965403588,
      0.0006411083159036933,
      0.999999761581421,
      -0.0002817315980792045,
      -0.07349288205305475,
      0.0006617084727622568,
      0.0002813073515426367,
      0.9999997615814207,
      0.6624623688375669,
      0.0,
      0.0,
      0.0,
      1.0
    ],
    "img_size": [
      980,
      546
    ]
  },
  "000009.png": {
    "K": [
      581.7877197265625,
      0.0,
      490.25,
      0.0,
      0.0,
      581.7877197265625,
      272.75,
      0.0,
      0.0,
      0.0,
      1.0,
      0.0,
      0.0,
      0.0,
      0.0,
      1.0
    ],
    "W2C": [
      0.9974306821823121,
      -0.0008412968600168825,
      -0.07163363695144652,
      -0.15197026372624153,
      0.0011745308293029668,
      0.9999886751174928,
      0.004609925672411917,
      -0.07047616399725294,
      0.07162894308567047,
      -0.004682217258960009,
      0.9974203705787656,
      0.6203435980273116,
      0.0,
      0.0,
      0.0,
      1.0
    ],
    "img_size": [
      980,
      546
    ]
  },
  "000010.png": {
    "K": [
      581.7877197265625,
      0.0,
      490.25,
      0.0,
      0.0,
      581.7877197265625,
      272.75,
      0.0,
      0.0,
      0.0,
      1.0,
      0.0,
      0.0,
      0.0,
      0.0,
      1.0
    ],
    "W2C": [
      0.9991240501403807,
      -0.00673705618828535,
      -0.04130052402615548,
      -0.10500967268121159,
      0.0071216789074242115,
      0.999932587146759,
      0.009172740392386917,
      -0.06579728607679505,
      0.04123594239354135,
      -0.009458834305405618,
      0.9991046786308292,
      0.5847885610190838,
      0.0,
      0.0,
      0.0,
      1.0
    ],
    "img_size": [
      980,
      546
    ]
  },
  "000011.png": {
    "K": [
      581.7877197265625,
      0.0,
      490.25,
      0.0,
      0.0,
      581.7877197265625,
      272.75,
      0.0,
      0.0,
      0.0,
      1.0,
      0.0,
      0.0,
      0.0,
      0.0,
      1.0
    ],
    "W2C": [
      0.9998026490211488,
      -0.017767235636711124,
      0.00888449139893055,
      -0.0335589953263066,
      0.017641901969909668,
      0.9997464418411255,
      0.013991985470056534,
      -0.05923145112930369,
      -0.009130838327109815,
      -0.013832485303282734,
      0.9998626112937927,
      0.5469003943831918,
      0.0,
      0.0,
      0.0,
      1.0
    ],
    "img_size": [
      980,
      546
    ]
  },
  "000012.png": {
    "K": [
      581.7877197265625,
      0.0,
      490.25,
      0.0,
      0.0,
      581.7877197265625,
      272.75,
      0.0,
      0.0,
      0.0,
      1.0,
      0.0,
      0.0,
      0.0,
      0.0,
      1.0
    ],
    "W2C": [
      0.9898810982704163,
      -0.034225322306156165,
      0.13771004974842074,
      0.07000329969854013,
      0.03108128719031811,
      0.9992062449455261,
      0.02491739578545094,
      -0.04978113224203938,
      -0.13845355808734897,
      -0.020385053008794785,
      0.990159094333649,
      0.5117539965371376,
      0.0,
      0.0,
      0.0,
      1.0
    ],
    "img_size": [
      980,
      546
    ]
  },
  "000013.png": {
    "K": [
      581.7877197265625,
      0.0,
      490.25,
      0.0,
      0.0,
      581.7877197265625,
      272.75,
      0.0,
      0.0,
      0.0,
      1.0,
      0.0,
      0.0,
      0.0,
      0.0,
      1.0
    ],
    "W2C": [
      0.9909630417823792,
      -0.04684230685234071,
      0.12569017708301544,
      0.11753629658719796,
      0.04294723272323609,
      0.998514771461487,
      0.03352378681302071,
      -0.046066304234604796,
      -0.12707382440567014,
      -0.02782278880476952,
      0.9915029406547547,
      0.4925529345747551,
      0.0,
      0.0,
      0.0,
      1.0
    ],
    "img_size": [
      980,
      546
    ]
  },
  "000014.png": {
    "K": [
      581.7877197265625,
      0.0,
      490.25,
      0.0,
      0.0,
      581.7877197265625,
      272.75,
      0.0,
      0.0,
      0.0,
      1.0,
      0.0,
      0.0,
      0.0,
      0.0,
      1.0
    ],
    "W2C": [
      0.9976916313171387,
      -0.05113882198929787,
      0.044679686427116394,
      0.11583384308240043,
      0.049619197845458984,
      0.9981727600097655,
      0.03448364511132241,
      -0.04057348905314264,
      -0.04636149853467943,
      -0.03218707442283629,
      0.9984060525894166,
      0.4855248854867582,
      0.0,
      0.0,
      0.0,
      1.0
    ],
    "img_size": [
      980,
      546
    ]
  },
  "000015.png": {
    "K": [
      581.7877197265625,
      0.0,
      490.25,
      0.0,
      0.0,
      581.7877197265625,
      272.75,
      0.0,
      0.0,
      0.0,
      1.0,
      0.0,
      0.0,
      0.0,
      0.0,
      1.0
    ],
    "W2C": [
      0.9928207397460939,
      -0.047310847789049155,
      -0.10985749959945679,
      0.07538058424108786,
      0.05161012336611749,
      0.9979954957962035,
      0.03662550449371337,
      -0.03999966677437793,
      0.10790450870990755,
      -0.04203232005238532,
      0.9932723045349121,
      0.511228525149901,
      0.0,
      0.0,
      0.0,
      1.0
    ],
    "img_size": [
      980,
      546
    ]
  },
  "000016.png": {
    "K": [
      581.7877197265625,
      0.0,
      490.25,
      0.0,
      0.0,
      581.7877197265625,
      272.75,
      0.0,
      0.0,
      0.0,
      1.0,
      0.0,
      0.0,
      0.0,
      0.0,
      1.0
    ],
    "W2C": [
      0.9596309065818787,
      -0.0385131984949112,
      -0.2786130905151367,
      0.0147095374916114,
      0.049485061317682266,
      0.998247504234314,
      0.03245249018073082,
      -0.04171839260828142,
      0.27687495946884155,
      -0.0449295975267887,
      0.9598549604415891,
      0.5140772555875098,
      0.0,
      0.0,
      0.0,
      1.0
    ],
    "img_size": [
      980,
      546
    ]
  },
  "000017.png": {
    "K": [
      581.7877197265625,
      0.0,
      490.25,
      0.0,
      0.0,
      581.7877197265625,
      272.75,
      0.0,
      0.0,
      0.0,
      1.0,
      0.0,
      0.0,
      0.0,
      0.0,
      1.0
    ],
    "W2C": [
      0.8811766505241393,
      -0.02388342842459678,
      -0.4721834957599641,
      -0.08137745288905288,
      0.04271092265844345,
      0.9986608624458313,
      0.02919293381273746,
      -0.044377863244827086,
      0.4708539545536041,
      -0.045891523361206055,
      0.8810167312622073,
      0.5088106184591473,
      0.0,
      0.0,
      0.0,
      1.0
    ],
    "img_size": [
      980,
      546
    ]
  },
  "000018.png": {
    "K": [
      581.7877197265625,
      0.0,
      490.25,
      0.0,
      0.0,
      581.7877197265625,
      272.75,
      0.0,
      0.0,
      0.0,
      1.0,
      0.0,
      0.0,
      0.0,
      0.0,
      1.0
    ],
    "W2C": [
      0.784527599811554,
      -0.009355541318655009,
      -0.6200233101844786,
      -0.18039922198336703,
      0.03232090175151825,
      0.9991439580917358,
      0.025820171460509307,
      -0.05689519830518989,
      0.6192510128021238,
      -0.040296349674463265,
      0.784158408641815,
      0.49411308843015667,
      0.0,
      0.0,
      0.0,
      1.0
    ],
    "img_size": [
      980,
      546
    ]
  },
  "000019.png": {
    "K": [
      581.7877197265625,
      0.0,
      490.25,
      0.0,
      0.0,
      581.7877197265625,
      272.75,
      0.0,
      0.0,
      0.0,
      1.0,
      0.0,
      0.0,
      0.0,
      0.0,
      1.0
    ],
    "W2C": [
      0.7158896923065186,
      0.0009966611396521289,
      -0.6982126832008363,
      -0.2529288640277361,
      0.017522245645523075,
      0.9996584057807922,
      0.019392825663089752,
      -0.06484095499201266,
      0.6979935169219972,
      -0.02611737884581089,
      0.715627670288086,
      0.4859482290452788,
      0.0,
      0.0,
      0.0,
      1.0
    ],
    "img_size": [
      980,
      546
    ]
  },
  "000020.png": {
    "K": [
      581.7877197265625,
      0.0,
      490.25,
      0.0,
      0.0,
      581.7877197265625,
      272.75,
      0.0,
      0.0,
      0.0,
      1.0,
      0.0,
      0.0,
      0.0,
      0.0,
      1.0
    ],
    "W2C": [
      0.7035466432571411,
      0.007717017550021413,
      -0.710607171058655,
      -0.27108700692743715,
      -0.04068369045853615,
      0.998738467693329,
      -0.02943341061472892,
      -0.09375607825094794,
      0.7094835638999939,
      0.04961789771914482,
      0.7029730677604674,
      0.4750248326207594,
      0.0,
      0.0,
      0.0,
      1.0
    ],
    "img_size": [
      980,
      546
    ]
  },
  "000021.png": {
    "K": [
      581.7877197265625,
      0.0,
      490.25,
      0.0,
      0.0,
      581.7877197265625,
      272.75,
      0.0,
      0.0,
      0.0,
      1.0,
      0.0,
      0.0,
      0.0,
      0.0,
      1.0
    ],
    "W2C": [
      0.6808632612228392,
      0.020180260762572292,
      -0.7321324944496154,
      -0.2712695215183115,
      -0.12260209023952481,
      0.9886558651924134,
      -0.08676562458276749,
      -0.11770877707828167,
      0.722076117992401,
      0.14883649349212646,
      0.6756136417388916,
      0.44824490900313274,
      0.0,
      0.0,
      0.0,
      1.0
    ],
    "img_size": [
      980,
      546
    ]
  },
  "000022.png": {
    "K": [
      581.7877197265625,
      0.0,
      490.25,
      0.0,
      0.0,
      581.7877197265625,
      272.75,
      0.0,
      0.0,
      0.0,
      1.0,
      0.0,
      0.0,
      0.0,
      0.0,
      1.0
    ],
    "W2C": [
      0.5548233389854431,
      0.045698467642068856,
      -0.8307121992111205,
      -0.31830731726434475,
      -0.17385721206665045,
      0.9828139543533325,
      -0.06205150857567789,
      -0.09886832498650897,
      0.8135998845100404,
      0.17885293066501617,
      0.5532330870628358,
      0.38025722763524,
      0.0,
      0.0,
      0.0,
      1.0
    ],
    "img_size": [
      980,
      546
    ]
  },
  "000023.png": {
    "K": [
      581.7877197265625,
      0.0,
      490.25,
      0.0,
      0.0,
      581.7877197265625,
      272.75,
      0.0,
      0.0,
      0.0,
      1.0,
      0.0,
      0.0,
      0.0,
      0.0,
      1.0
    ],
    "W2C": [
      0.4231510460376739,
      0.08887454867362977,
      -0.9016898274421694,
      -0.32459021377709124,
      -0.21301628649234772,
      0.977041780948639,
      -0.0036641343031078577,
      -0.07294563152252824,
      0.8806629776954649,
      0.1936250925064087,
      0.43236798048019404,
      0.3322468960629009,
      0.0,
      0.0,
      0.0,
      1.0
    ],
    "img_size": [
      980,
      546
    ]
  },
  "000024.png": {
    "K": [
      581.7877197265625,
      0.0,
      490.25,
      0.0,
      0.0,
      581.7877197265625,
      272.75,
      0.0,
      0.0,
      0.0,
      1.0,
      0.0,
      0.0,
      0.0,
      0.0,
      1.0
    ],
    "W2C": [
      0.3467592895030976,
      0.13427752256393433,
      -0.9282928109169007,
      -0.2903345217338075,
      -0.23570048809051516,
      0.9704160094261168,
      0.05232586339116098,
      -0.054039164141714405,
      0.9078564047813416,
      0.20065459609031674,
      0.3681500554084778,
      0.30088275939028186,
      0.0,
      0.0,
      0.0,
      1.0
    ],
    "img_size": [
      980,
      546
    ]
  },
  "000025.png": {
    "K": [
      581.7877197265625,
      0.0,
      490.25,
      0.0,
      0.0,
      581.7877197265625,
      272.75,
      0.0,
      0.0,
      0.0,
      1.0,
      0.0,
      0.0,
      0.0,
      0.0,
      1.0
    ],
    "W2C": [
      0.2878512740135193,
      0.16594420373439786,
      -0.9431883096694947,
      -0.2587892672067545,
      -0.24320122599601746,
      0.9652528762817383,
      0.09560374915599826,
      -0.04599435118806931,
      0.9262800812721254,
      0.20186488330364227,
      0.3182070851325989,
      0.2918849145040501,
      0.0,
      0.0,
      0.0,
      1.0
    ],
    "img_size": [
      980,
      546
    ]
  },
  "000026.png": {
    "K": [
      581.7877197265625,
      0.0,
      490.25,
      0.0,
      0.0,
      581.7877197265625,
      272.75,
      0.0,
      0.0,
      0.0,
      1.0,
      0.0,
      0.0,
      0.0,
      0.0,
      1.0
    ],
    "W2C": [
      0.15959045290946958,
      0.18107540905475614,
      -0.9704342484474182,
      -0.24393978558143664,
      -0.2512826025485993,
      0.9581045508384705,
      0.13745070993900296,
      -0.04113678743240422,
      0.9546663761138916,
      0.22191742062568665,
      0.19840544462203982,
      0.2628782240405857,
      0.0,
      0.0,
      0.0,
      1.0
    ],
    "img_size": [
      980,
      546
    ]
  },
  "000027.png": {
    "K": [
      581.7877197265625,
      0.0,
      490.25,
      0.0,
      0.0,
      581.7877197265625,
      272.75,
      0.0,
      0.0,
      0.0,
      1.0,
      0.0,
      0.0,
      0.0,
      0.0,
      1.0
    ],
    "W2C": [
      0.03964470326900482,
      0.18877388536930087,
      -0.9812200069427489,
      -0.21537621860977313,
      -0.24063827097415927,
      0.9548937082290649,
      0.17398642003536224,
      -0.03804414173982427,
      0.9698048830032349,
      0.229221448302269,
      0.0832826942205429,
      0.2607574504670609,
      0.0,
      0.0,
      0.0,
      1.0
    ],
    "img_size": [
      980,
      546
    ]
  },
  "000028.png": {
    "K": [
      581.7877197265625,
      0.0,
      490.25,
      0.0,
      0.0,
      581.7877197265625,
      272.75,
      0.0,
      0.0,
      0.0,
      1.0,
      0.0,
      0.0,
      0.0,
      0.0,
      1.0
    ],
    "W2C": [
      -0.005922998767346142,
      0.19838179647922513,
      -0.9801069498062134,
      -0.16692005978624508,
      -0.23101113736629483,
      0.9533404707908629,
      0.1943600922822952,
      -0.042058037493482824,
      0.9729330539703369,
      0.22756680846214292,
      0.04018177092075347,
      0.2684736730408349,
      0.0,
      0.0,
      0.0,
      1.0
    ],
    "img_size": [
      980,
      546
    ]
  },
  "000029.png": {
    "K": [
      581.7877197265625,
      0.0,
      490.25,
      0.0,
      0.0,
      581.7877197265625,
      272.75,
      0.0,
      0.0,
      0.0,
      1.0,
      0.0,
      0.0,
      0.0,
      0.0,
      1.0
    ],
    "W2C": [
      -0.05762371048331261,
      0.1944904625415802,
      -0.9792103767395018,
      -0.1274608131818828,
      -0.21516551077365872,
      0.9553696513175964,
      0.20241709053516388,
      -0.046497184614524775,
      0.9748760461807251,
      0.22235631942749023,
      -0.013204304501414299,
      0.2899803888588478,
      0.0,
      0.0,
      0.0,
      1.0
    ],
    "img_size": [
      980,
      546
    ]
  },
  "000030.png": {
    "K": [
      581.7877197265625,
      0.0,
      490.25,
      0.0,
      0.0,
      581.7877197265625,
      272.75,
      0.0,
      0.0,
      0.0,
      1.0,
      0.0,
      0.0,
      0.0,
      0.0,
      1.0
    ],
    "W2C": [
      -0.0914849564433098,
      0.19003811478614807,
      -0.9775049686431885,
      -0.0990053016328717,
      -0.2102324366569519,
      0.9558104872703552,
      0.2054961621761322,
      -0.05598453283308537,
      0.9733616113662721,
      0.2243030667304993,
      -0.047490105032920844,
      0.30819577323960845,
      0.0,
      0.0,
      0.0,
      1.0
    ],
    "img_size": [
      980,
      546
    ]
  },
  "000031.png": {
    "K": [
      581.7877197265625,
      0.0,
      490.25,
      0.0,
      0.0,
      581.7877197265625,
      272.75,
      0.0,
      0.0,
      0.0,
      1.0,
      0.0,
      0.0,
      0.0,
      0.0,
      1.0
    ],
    "W2C": [
      -0.12815657258033752,
      0.18293417990207672,
      -0.9747363924980164,
      -0.08830007993773795,
      -0.19915439188480374,
      0.9580736160278318,
      0.2059914469718933,
      -0.06020314762696494,
      0.9715520739555359,
      0.22052218019962305,
      -0.08635128289461137,
      0.34309333281159105,
      0.0,
      0.0,
      0.0,
      1.0
    ],
    "img_size": [
      980,
      546
    ]
  },
  "000032.png": {
    "K": [
      581.7877197265625,
      0.0,
      490.25,
      0.0,
      0.0,
      581.7877197265625,
      272.75,
      0.0,
      0.0,
      0.0,
      1.0,
      0.0,
      0.0,
      0.0,
      0.0,
      1.0
    ],
    "W2C": [
      -0.10394390672445299,
      0.18804351985454557,
      -0.9766449332237241,
      -0.09115444669061996,
      -0.19589081406593323,
      0.9588586091995239,
      0.20546752214431763,
      -0.06232328764383558,
      0.9751012325286866,
      0.21267285943031317,
      -0.06283151358366013,
      0.37429769546140274,
      0.0,
      0.0,
      0.0,
      1.0
    ],
    "img_size": [
      980,
      546
    ]
  },
  "000033.png": {
    "K": [
      581.7877197265625,
      0.0,
      490.25,
      0.0,
      0.0,
      581.7877197265625,
      272.75,
      0.0,
      0.0,
      0.0,
      1.0,
      0.0,
      0.0,
      0.0,
      0.0,
      1.0
    ],
    "W2C": [
      0.004711073823273179,
      0.19098719954490664,
      -0.9815812110900879,
      -0.05965935102301417,
      -0.19498081505298617,
      0.9629274606704712,
      0.1864219158887863,
      -0.07416919469683583,
      0.9807957410812379,
      0.19051127135753637,
      0.04177526384592058,
      0.41412138955662875,
      0.0,
      0.0,
      0.0,
      1.0
    ],
    "img_size": [
      980,
      546
    ]
  },
  "000034.png": {
    "K": [
      581.7877197265625,
      0.0,
      490.25,
      0.0,
      0.0,
      581.7877197265625,
      272.75,
      0.0,
      0.0,
      0.0,
      1.0,
      0.0,
      0.0,
      0.0,
      0.0,
      1.0
    ],
    "W2C": [
      0.12524919211864471,
      0.18976277112960815,
      -0.9738083481788635,
      -0.05658109128515017,
      -0.20500139892101285,
      0.9653056263923644,
      0.16173902153968808,
      -0.07046326985748932,
      0.9707147479057312,
      0.17937439680099487,
      0.1598053872585297,
      0.42036936814451087,
      0.0,
      0.0,
      0.0,
      1.0
    ],
    "img_size": [
      980,
      546
    ]
  },
  "000035.png": {
    "K": [
      581.7877197265625,
      0.0,
      490.25,
      0.0,
      0.0,
      581.7877197265625,
      272.75,
      0.0,
      0.0,
      0.0,
      1.0,
      0.0,
      0.0,
      0.0,
      0.0,
      1.0
    ],
    "W2C": [
      0.24898652732372278,
      0.18411327898502344,
      -0.9508459568023682,
      -0.06172168792422787,
      -0.20397348701953882,
      0.9697132110595701,
      0.13435450196266174,
      -0.0732592354463817,
      0.9467843174934385,
      0.16049489378929138,
      0.2789997458457946,
      0.44444505559887426,
      0.0,
      0.0,
      0.0,
      1.0
    ],
    "img_size": [
      980,
      546
    ]
  },
  "000036.png": {
    "K": [
      581.7877197265625,
      0.0,
      490.25,
      0.0,
      0.0,
      581.7877197265625,
      272.75,
      0.0,
      0.0,
      0.0,
      1.0,
      0.0,
      0.0,
      0.0,
      0.0,
      1.0
    ],
    "W2C": [
      0.3925366103649139,
      0.1755308359861374,
      -0.9028310775756836,
      -0.06021668587541914,
      -0.20098166167736056,
      0.9742664098739623,
      0.10203585773706438,
      -0.07223124707000976,
      0.897508442401886,
      0.14139968156814578,
      0.4177137315273285,
      0.47427832916306895,
      0.0,
      0.0,
      0.0,
      1.0
    ],
    "img_size": [
      980,
      546
    ]
  },
  "000037.png": {
    "K": [
      581.7877197265625,
      0.0,
      490.25,
      0.0,
      0.0,
      581.7877197265625,
      272.75,
      0.0,
      0.0,
      0.0,
      1.0,
      0.0,
      0.0,
      0.0,
      0.0,
      1.0
    ],
    "W2C": [
      0.5429675579071045,
      0.1616938412189484,
      -0.8240396380424502,
      -0.03263228977719726,
      -0.19282573461532593,
      0.9790737628936768,
      0.06506006419658662,
      -0.07542714848199712,
      0.817315399646759,
      0.1235705465078354,
      0.5627840161323547,
      0.5013610681627648,
      0.0,
      0.0,
      0.0,
      1.0
    ],
    "img_size": [
      980,
      546
    ]
  },
  "000038.png": {
    "K": [
      581.7877197265625,
      0.0,
      490.25,
      0.0,
      0.0,
      581.7877197265625,
      272.75,
      0.0,
      0.0,
      0.0,
      1.0,
      0.0,
      0.0,
      0.0,
      0.0,
      1.0
    ],
    "W2C": [
      0.7049573063850403,
      0.14119593799114227,
      -0.6950531601905822,
      0.01885981571410098,
      -0.17197516560554504,
      0.9847679734230042,
      0.025624062865972495,
      -0.07152965045913204,
      0.6880841255187987,
      0.10146801173686978,
      0.718501567840576,
      0.5078128893430764,
      0.0,
      0.0,
      0.0,
      1.0
    ],
    "img_size": [
      980,
      546
    ]
  },
  "000039.png": {
    "K": [
      581.7877197265625,
      0.0,
      490.25,
      0.0,
      0.0,
      581.7877197265625,
      272.75,
      0.0,
      0.0,
      0.0,
      1.0,
      0.0,
      0.0,
      0.0,
      0.0,
      1.0
    ],
    "W2C": [
      0.8170869350433351,
      0.11500921100378038,
      -0.5649263262748718,
      0.04894815842518522,
      -0.15013377368450165,
      0.988537847995758,
      -0.015898343175649657,
      -0.06867735870183778,
      0.5566226243972779,
      0.09780485183000565,
      0.8249881863594055,
      0.5034580507887557,
      0.0,
      0.0,
      0.0,
      1.0
    ],
    "img_size": [
      980,
      546
    ]
  },
  "000040.png": {
    "K": [
      581.7877197265625,
      0.0,
      490.25,
      0.0,
      0.0,
      581.7877197265625,
      272.75,
      0.0,
      0.0,
      0.0,
      1.0,
      0.0,
      0.0,
      0.0,
      0.0,
      1.0
    ],
    "W2C": [
      0.8663967251777648,
      0.09080214053392412,
      -0.49103119969367987,
      0.05299109405280312,
      -0.12905831634998324,
      0.9906368255615235,
      -0.044526193290948875,
      -0.07527574631460837,
      0.4823905527591707,
      0.10194900631904605,
      0.870003342628479,
      0.5294411522699869,
      0.0,
      0.0,
      0.0,
      1.0
    ],
    "img_size": [
      980,
      546
    ]
  },
  "000041.png": {
    "K": [
      581.7877197265625,
      0.0,
      490.25,
      0.0,
      0.0,
      581.7877197265625,
      272.75,
      0.0,
      0.0,
      0.0,
      1.0,
      0.0,
      0.0,
      0.0,
      0.0,
      1.0
    ],
    "W2C": [
      0.9083159565925599,
      0.07785633206367494,
      -0.41097512841224665,
      0.05276698399013567,
      -0.11971409618854525,
      0.9898122549057008,
      -0.07707294076681137,
      -0.09313572917550196,
      0.40078759193420416,
      0.11920610070228577,
      0.9083827137947083,
      0.5419333464433838,
      0.0,
      0.0,
      0.0,
      1.0
    ],
    "img_size": [
      980,
      546
    ]
  },
  "000042.png": {
    "K": [
      581.7877197265625,
      0.0,
      490.25,
      0.0,
      0.0,
      581.7877197265625,
      272.75,
      0.0,
      0.0,
      0.0,
      1.0,
      0.0,
      0.0,
      0.0,
      0.0,
      1.0
    ],
    "W2C": [
      0.9234105944633484,
      0.06842998415231703,
      -0.3776641488075256,
      0.034502028895016655,
      -0.11424596607685089,
      0.9883813261985779,
      -0.10025049000978467,
      -0.11209549867623099,
      0.3664160668849945,
      0.13571897149086,
      0.9204996824264527,
      0.5915125099608682,
      0.0,
      0.0,
      0.0,
      1.0
    ],
    "img_size": [
      980,
      546
    ]
  },
  "000043.png": {
    "K": [
      581.7877197265625,
      0.0,
      490.25,
      0.0,
      0.0,
      581.7877197265625,
      272.75,
      0.0,
      0.0,
      0.0,
      1.0,
      0.0,
      0.0,
      0.0,
      0.0,
      1.0
    ],
    "W2C": [
      0.9178413152694702,
      0.06787536293268202,
      -0.39110139012336737,
      -0.01936234674560341,
      -0.12094265222549441,
      0.9862448573112489,
      -0.11266755312681201,
      -0.13083048576664003,
      0.37807437777519237,
      0.15071177482604983,
      0.9134252667427065,
      0.6370888561741811,
      0.0,
      0.0,
      0.0,
      1.0
    ],
    "img_size": [
      980,
      546
    ]
  },
  "000044.png": {
    "K": [
      581.7877197265625,
      0.0,
      490.25,
      0.0,
      0.0,
      581.7877197265625,
      272.75,
      0.0,
      0.0,
      0.0,
      1.0,
      0.0,
      0.0,
      0.0,
      0.0,
      1.0
    ],
    "W2C": [
      0.846813440322876,
      0.06500962376594543,
      -0.5279022455215453,
      -0.15286462579615076,
      -0.15095777809619904,
      0.9810652136802673,
      -0.12133760750293734,
      -0.15087332654823274,
      0.5100184082984924,
      0.18244126439094543,
      0.8405928611755371,
      0.6474261192389037,
      0.0,
      0.0,
      0.0,
      1.0
    ],
    "img_size": [
      980,
      546
    ]
  },
  "000045.png": {
    "K": [
      581.7877197265625,
      0.0,
      490.25,
      0.0,
      0.0,
      581.7877197265625,
      272.75,
      0.0,
      0.0,
      0.0,
      1.0,
      0.0,
      0.0,
      0.0,
      0.0,
      1.0
    ],
    "W2C": [
      0.7156593203544617,
      0.06420005112886423,
      -0.695492684841156,
      -0.24999974293873717,
      -0.19206449389457703,
      0.9754669070243835,
      -0.10758951306343077,
      -0.14354613736961389,
      0.671522855758667,
      0.2105768918991089,
      0.7104325294494629,
      0.6173503409120503,
      0.0,
      0.0,
      0.0,
      1.0
    ],
    "img_size": [
      980,
      546
    ]
  },
  "000046.png": {
    "K": [
      581.7877197265625,
      0.0,
      490.25,
      0.0,
      0.0,
      581.7877197265625,
      272.75,
      0.0,
      0.0,
      0.0,
      1.0,
      0.0,
      0.0,
      0.0,
      0.0,
      1.0
    ],
    "W2C": [
      0.5966656804084778,
      0.08034798502922058,
      -0.7984574437141417,
      -0.28418302584228355,
      -0.22796361148357386,
      0.9709559082984925,
      -0.07264471054077144,
      -0.12751753409151462,
      0.769430100917816,
      0.22536385059356687,
      0.5976524353027343,
      0.5671725932043887,
      0.0,
      0.0,
      0.0,
      1.0
    ],
    "img_size": [
      980,
      546
    ]
  },
  "000047.png": {
    "K": [
      581.7877197265625,
      0.0,
      490.25,
      0.0,
      0.0,
      581.7877197265625,
      272.75,
      0.0,
      0.0,
      0.0,
      1.0,
      0.0,
      0.0,
      0.0,
      0.0,
      1.0
    ],
    "W2C": [
      0.5185994505882263,
      0.0991392582654953,
      -0.8492502570152283,
      -0.26471870335116093,
      -0.24324108660221105,
      0.9693203568458558,
      -0.035380605608224876,
      -0.11632372148844719,
      0.8196879625320435,
      0.2249209135770798,
      0.526803731918335,
      0.5387568027481175,
      0.0,
      0.0,
      0.0,
      1.0
    ],
    "img_size": [
      980,
      546
    ]
  },
  "000048.png": {
    "K": [
      581.7877197265625,
      0.0,
      490.25,
      0.0,
      0.0,
      581.7877197265625,
      272.75,
      0.0,
      0.0,
      0.0,
      1.0,
      0.0,
      0.0,
      0.0,
      0.0,
      1.0
    ],
    "W2C": [
      0.44267457723617565,
      0.11302513629198076,
      -0.8895305395126342,
      -0.2271692000294396,
      -0.24278427660465243,
      0.9700772166252136,
      0.0024380125105381042,
      -0.09820170149228442,
      0.8631888628005983,
      0.2148847728967667,
      0.45686924457550054,
      0.522967948605985,
      0.0,
      0.0,
      0.0,
      1.0
    ],
    "img_size": [
      980,
      546
    ]
  },
  "000049.png": {
    "K": [
      581.7877197265625,
      0.0,
      490.25,
      0.0,
      0.0,
      581.7877197265625,
      272.75,
      0.0,
      0.0,
      0.0,
      1.0,
      0.0,
      0.0,
      0.0,
      0.0,
      1.0
    ],
    "W2C": [
      0.4028537273406983,
      0.12456533312797548,
      -0.9067482352256775,
      -0.16295802438629547,
      -0.2431913763284683,
      0.9696519374847411,
      0.02516074478626253,
      -0.0907925392995158,
      0.8823643326759338,
      0.21037726104259494,
      0.420921117067337,
      0.5138835847137098,
      0.0,
      0.0,
      0.0,
      1.0
    ],
    "img_size": [
      980,
      546
    ]
  },
  "000050.png": {
    "K": [
      581.7877197265625,
      0.0,
      490.25,
      0.0,
      0.0,
      581.7877197265625,
      272.75,
      0.0,
      0.0,
      0.0,
      1.0,
      0.0,
      0.0,
      0.0,
      0.0,
      1.0
    ],
    "W2C": [
      0.39033558964729326,
      0.12995782494544986,
      -0.9114543795585632,
      -0.09017445217689332,
      -0.23819722235202792,
      0.9705354571342467,
      0.036372445523738875,
      -0.09884207652579746,
      0.8893257379531861,
      0.20290844142436984,
      0.40979012846946716,
      0.5262755723042231,
      0.0,
      0.0,
      0.0,
      1.0
    ],
    "img_size": [
      980,
      546
    ]
  },
  "000051.png": {
    "K": [
      581.7877197265625,
      0.0,
      490.25,
      0.0,
      0.0,
      581.7877197265625,
      272.75,
      0.0,
      0.0,
      0.0,
      1.0,
      0.0,
      0.0,
      0.0,
      0.0,
      1.0
    ],
    "W2C": [
      0.36471831798553467,
      0.12907631695270536,
      -0.9221279025077821,
      -0.030384651347664375,
      -0.23426412045955655,
      0.9712086319923401,
      0.04329076036810878,
      -0.10239308461902792,
      0.9011663794517516,
      0.2002325505018234,
      0.384455531835556,
      0.5256728583821753,
      0.0,
      0.0,
      0.0,
      1.0
    ],
    "img_size": [
      980,
      546
    ]
  },
  "000052.png": {
    "K": [
      581.7877197265625,
      0.0,
      490.25,
      0.0,
      0.0,
      581.7877197265625,
      272.75,
      0.0,
      0.0,
      0.0,
      1.0,
      0.0,
      0.0,
      0.0,
      0.0,
      1.0
    ],
    "W2C": [
      0.3301239013671875,
      0.1250622570514679,
      -0.9356161952018739,
      0.030121526804308563,
      -0.23277740180492398,
      0.9713592529296875,
      0.047706525772809975,
      -0.11258080630752165,
      0.9147856831550597,
      0.20204123854637143,
      0.3497805893421173,
      0.5351717487677164,
      0.0,
      0.0,
      0.0,
      1.0
    ],
    "img_size": [
      980,
      546
    ]
  },
  "000053.png": {
    "K": [
      581.7877197265625,
      0.0,
      490.25,
      0.0,
      0.0,
      581.7877197265625,
      272.75,
      0.0,
      0.0,
      0.0,
      1.0,
      0.0,
      0.0,
      0.0,
      0.0,
      1.0
    ],
    "W2C": [
      0.29895681142806996,
      0.1231727227568626,
      -0.9462839365005493,
      0.0793120844110488,
      -0.23304009437561027,
      0.971034288406372,
      0.05277064070105554,
      -0.12028923889320958,
      0.9253740310668944,
      0.20474596321582791,
      0.3190014958381653,
      0.5491561747839968,
      0.0,
      0.0,
      0.0,
      1.0
    ],
    "img_size": [
      980,
      546
    ]
  },
  "000054.png": {
    "K": [
      581.7877197265625,
      0.0,
      490.25,
      0.0,
      0.0,
      581.7877197265625,
      272.75,
      0.0,
      0.0,
      0.0,
      1.0,
      0.0,
      0.0,
      0.0,
      0.0,
      1.0
    ],
    "W2C": [
      0.2511943578720093,
      0.11974233388900757,
      -0.9605014920234681,
      0.11102916744930025,
      -0.23681242763996121,
      0.9697644114494324,
      0.05896493420004845,
      -0.13321685331644376,
      0.9385207891464232,
      0.21264703571796417,
      0.27195581793785095,
      0.5556302421553129,
      0.0,
      0.0,
      0.0,
      1.0
    ],
    "img_size": [
      980,
      546
    ]
  },
  "000055.png": {
    "K": [
      581.7877197265625,
      0.0,
      490.25,
      0.0,
      0.0,
      581.7877197265625,
      272.75,
      0.0,
      0.0,
      0.0,
      1.0,
      0.0,
      0.0,
      0.0,
      0.0,
      1.0
    ],
    "W2C": [
      0.15996436774730685,
      0.11399353295564653,
      -0.9805186986923219,
      0.12592219938904065,
      -0.23898422718048098,
      0.9682319164276123,
      0.07357658445835112,
      -0.1479147943931648,
      0.9577566981315614,
      0.22255887091159823,
      0.18212525546550754,
      0.5736676973412557,
      0.0,
      0.0,
      0.0,
      1.0
    ],
    "img_size": [
      980,
      546
    ]
  },
  "000056.png": {
    "K": [
      581.7877197265625,
      0.0,
      490.25,
      0.0,
      0.0,
      581.7877197265625,
      272.75,
      0.0,
      0.0,
      0.0,
      1.0,
      0.0,
      0.0,
      0.0,
      0.0,
      1.0
    ],
    "W2C": [
      0.06689711660146715,
      0.1117027774453163,
      -0.9914873838424683,
      0.12618269686851094,
      -0.24534167349338534,
      0.9650451540946958,
      0.09217017889022827,
      -0.16285501633296284,
      0.9671257734298707,
      0.2370872646570206,
      0.09196408092975618,
      0.5860491054978865,
      0.0,
      0.0,
      0.0,
      1.0
    ],
    "img_size": [
      980,
      546
    ]
  },
  "000057.png": {
    "K": [
      581.7877197265625,
      0.0,
      490.25,
      0.0,
      0.0,
      581.7877197265625,
      272.75,
      0.0,
      0.0,
      0.0,
      1.0,
      0.0,
      0.0,
      0.0,
      0.0,
      1.0
    ],
    "W2C": [
      -0.05511847883462906,
      0.10658355057239534,
      -0.9927748441696169,
      0.09917947380088198,
      -0.2502514719963074,
      0.9610763788223268,
      0.11707429587841034,
      -0.17323726157114097,
      0.9666106700897217,
      0.254896342754364,
      -0.02630037628114223,
      0.597411126562332,
      0.0,
      0.0,
      0.0,
      1.0
    ],
    "img_size": [
      980,
      546
    ]
  },
  "000058.png": {
    "K": [
      581.7877197265625,
      0.0,
      490.25,
      0.0,
      0.0,
      581.7877197265625,
      272.75,
      0.0,
      0.0,
      0.0,
      1.0,
      0.0,
      0.0,
      0.0,
      0.0,
      1.0
    ],
    "W2C": [
      -0.17928086221218106,
      0.10573524236679079,
      -0.9780994057655336,
      0.06779440555516239,
      -0.25381779670715326,
      0.9555779695510863,
      0.1498241722583771,
      -0.17711758654228105,
      0.9504919052124022,
      0.2751196324825287,
      -0.14447934925556186,
      0.592397094225195,
      0.0,
      0.0,
      0.0,
      1.0
    ],
    "img_size": [
      980,
      546
    ]
  },
  "000059.png": {
    "K": [
      581.7877197265625,
      0.0,
      490.25,
      0.0,
      0.0,
      581.7877197265625,
      272.75,
      0.0,
      0.0,
      0.0,
      1.0,
      0.0,
      0.0,
      0.0,
      0.0,
      1.0
    ],
    "W2C": [
      -0.2642227709293365,
      0.1082472652196884,
      -0.9583678245544434,
      0.0667064559551764,
      -0.25247177481651306,
      0.9512678980827332,
